%Parameters Value
m=2;l=0.2;g=9.8;
K1=0.01;K2=0.01;K3=0.01;K4=0.012;K5=0.012;K6=0.012;
I1=1.25;I2=1.25;I3=2.5;

phid=pi/3;